125.987 -89.7098
104.226 -2.45805
34.5998 73.2032
23.4357 79.6993
-244.157 -267.025
-285.709 -228.419
-344.331 -236.164
-354.273 -244.12
779.592 383.105
601.41 526.37
528.313 554.2
522.29 555.919
-221.429 470.506
-673.756 238.505
-502.198 -308.334
24.1108 -216.072
613.974 524.847
239.804 542.303
22.0239 188.692
22.2336 179.52
273.905 586.454
210.496 749.919
-39.1052 955.824
-461.566 919.483
195.974 97.3026
-266.661 -177.234
-303.606 -286.232
-188.956 -710.664
372.725 351.771
-72.3698 787.951
-477.595 549.135
-413.947 32.4961
-278.518 672.489
-303.003 677.799
-357.731 684.364
-757.013 459.226
238.134 -30.0028
7.96573 -225.023
7.25529 -294.27
209.549 -492.37
437.334 340.08
215.636 396.27
-132.281 68.0178
-116.99 -91.6614
632.66 672.659
3.4686 544.284
-67.5462 89.9677
50.0502 -95.3369
647.248 -12.0858
470.888 206.354
243.205 225.917
6.01251 -89.8511
-288.374 -234.742
-296.843 -228.585
-350.222 -203.697
-416.483 -197.846
340.632 -356.14
274.096 -277.738
47.6266 -276.554
-28.3823 -509.172
407.726 381.267
171.374 636.542
-96.6797 613.672
-281.507 362.942
1.92508 723.88
-468.525 821.853
-664.786 531.691
-641.154 354.192
391.782 -124.646
282.827 -156.768
260.28 -183.132
258.566 -324.156
225.324 -260.696
192.043 -228.269
185.136 -226.653
138.361 -243.713
567.278 -357.568
420.845 -278.186
342.585 -333.532
324.42 -419.865
467.633 461.047
-150.648 590.239
-365.387 -70.5429
-308.124 -160.433
116.882 421.569
53.1745 431.993
-318.84 191.595
-261.195 -162.49
747.724 -174.325
740.728 -136.382
700.776 -43.503
617.539 43.6845
761.374 541.822
348.973 809.44
189.478 737.991
117.385 248.113
-42.1907 308.618
-259.018 451.817
-413.477 323.024
-407.408 181.5